000404
000436
000603
001018
001076
001136
001182
001184
001216
001217
001249
001285
001286
001314
001315
001342
001343
001373
001382
001433
001437
001438
001441
001442
001443
001444
001475
001513
001562
001603
001745
001746
001747
001748
001802
001803
001806
001807
001817
001818
001832
001835
001836
001856
001857
001898
002216
002217
002602
002910
003293
003839
003840
003882
003883
003961
003962
005438
005583
005827
005875
005876
005877
005955
005956
006013
006014
006533
007346
007548
007884
008283
008286
009049
009215
009216
009247
009248
009249
009250
009265
009341
009342
009412
009413
009689
009690
009808
009810
009811
009812
009813
009900
009901
009902
009903
010013
010317
010340
010387
010388
010389
010390
010650
110001
110002
110005
110009
110010
110011
110012
110013
110015
110022
110023
110025
110029
112002
161131
161132
506002