000083
000173
000696
000697
000762
000925
001050
001417
001490
001541
001685
001725
001726
001796
001801
001816
002158
002164
002165
002418
002419
002420
002746
002959
003189
004270
004271
004424
004436
004437
004451
004452
004534
004535
004687
004688
004774
004946
004947
005228
005329
005330
005351
005379
005504
005802
006113
006205
006259
006260
006408
006696
006763
007059
007060
007355
007356
007523
007524
007639
008025
008026
008063
008065
008066
008140
008168
008169
009391
009392
009536
009548
009549
009550
009551
009664
009665
009683
009684
009715
009736
009737
010045
010298
010318
010439
010481
010557
010686
470006
470008
470009
470021
470028
470098
501039
501040
501041
501042
501063
501065
501188
506006
519008
519018
519066
519068
519069