000001
000006
000008
000011
000017
000020
000021
000029
000030
000031
000039
000042
000051
000056
000057
000058
000059
000061
000063
000065
000066
000072
000073
000082
000083
000110
000117
000120
000121
000124
000126
000127
000136
000165
000166
000167
000172
000173
000176
000190
000195
000196
000199
000209
000214
000215
000216
000217
000218
000219
000220
000241
000242
000248
000251
000256
000259
000263
000264
000270
000273
000279
000294
000307
000308
000309
000311
000312
000313
000314
000326
000327
000328
000336
000339
000354
000362
000363
000367
000368
000373
000376
000390
000398
000404
000408
000409
000410
000411
000414
000417
000418
000423
000431
000432
000433
000436
000452
000457
000458
000462
000471
000477
000478
000480
000496
000507
000508
000511
000512
000513
000520
000522
000523
000524
000526
000527
000529
000530
000531
000532
000534
000535
000538
000541
000545
000547
000549
000550
000551
000554
000556
000557
000566
000567
000572
000573
000574
000577
000584
000585
000586
000587
000589
000590
000591
000592
000594
000595
000596
000597
000598
000601
000603
000609
000612
000613
000619
000628
000634
000639
000646
000649
000652
000654
000656
000663
000664
000667
000672
000679
000684
000688
000689
000690
000695
000696
000697
000698
000706
000708
000711
000714
000717
000727
000729
000739
000742
000743
000746
000747
000751
000753
000754
000755
000756
000757
000761
000762
000763
000767
000772
000778
000780
000788
000793
000794
000796
000800
000803
000804
000805
000822
000823
000824
000825
000826
000827
000828
000831
000835
000841
000843
000844
000845
000849
000850
000854
000866
000867
000870
000877
000878
000879
000880
000884
000887
000892
000893
000894
000904
000913
000916
000924
000925
000926
000928
000929
000930
000932
000933
000935
000936
000939
000940
000942
000945
000946
000950
000953
000954
000955
000960
000961
000962
000963
000965
000966
000967
000968
000969
000970
000971
000972
000974
000975
000976
000977
000978
000979
000985
000986
000991
000992
000993
000994
000995
000996
001000
001004
001007
001008
001009
001014
001015
001016
001017
001018
001027
001028
001030
001036
001037
001039
001040
001042
001043
001044
001047
001048
001050
001051
001052
001053
001054
001056
001059
001060
001064
001067
001068
001069
001070
001071
001072
001073
001074
001075
001076
001088
001097
001102
001103
001104
001105
001106
001110
001111
001112
001113
001115
001116
001117
001118
001120
001121
001122
001123
001125
001126
001127
001128
001133
001135
001136
001139
001140
001141
001142
001143
001144
001146
001147
001148
001149
001150
001152
001154
001156
001157
001158
001162
001163
001164
001165
001166
001167
001170
001171
001172
001173
001174
001178
001179
001180
001181
001182
001183
001184
001185
001186
001188
001189
001190
001191
001192
001193
001194
001195
001196
001197
001198
001201
001202
001203
001204
001208
001209
001210
001214
001215
001216
001217
001218
001219
001220
001222
001223
001224
001225
001226
001227
001228
001229
001230
001231
001236
001237
001239
001241
001242
001243
001244
001245
001247
001249
001250
001252
001254
001255
001256
001261
001264
001265
001266
001267
001268
001270
001271
001272
001273
001274
001275
001276
001277
001278
001279
001280
001281
001282
001283
001284
001285
001286
001287
001289
001291
001294
001296
001297
001298
001300
001301
001302
001303
001304
001305
001306
001307
001309
001311
001312
001313
001314
001315
001316
001318
001319
001320
001322
001323
001324
001325
001326
001327
001328
001329
001330
001331
001332
001334
001335
001336
001337
001338
001339
001342
001343
001344
001345
001347
001348
001349
001351
001352
001355
001356
001357
001358
001359
001361
001362
001363
001364
001365
001366
001370
001371
001373
001375
001376
001379
001380
001381
001382
001384
001385
001387
001388
001392
001393
001396
001397
001398
001399
001400
001402
001403
001404
001405
001406
001407
001408
001409
001410
001411
001412
001413
001414
001415
001416
001417
001418
001419
001420
001421
001422
001423
001424
001425
001426
001427
001428
001430
001433
001437
001438
001441
001442
001443
001444
001445
001446
001447
001448
001449
001453
001454
001455
001457
001463
001464
001466
001467
001468
001469
001470
001471
001473
001474
001475
001476
001479
001480
001482
001484
001485
001487
001488
001489
001490
001495
001496
001498
001499
001500
001503
001504
001505
001506
001507
001508
001510
001511
001513
001515
001518
001520
001521
001522
001523
001524
001528
001530
001531
001532
001534
001535
001536
001537
001538
001539
001540
001541
001542
001543
001547
001548
001549
001550
001551
001552
001553
001556
001557
001558
001559
001562
001563
001564
001566
001567
001569
001570
001571
001572
001573
001574
001576
001577
001579
001580
001581
001583
001584
001585
001588
001589
001592
001593
001594
001595
001596
001601
001602
001603
001604
001605
001606
001607
001608
001609
001610
001613
001614
001615
001616
001617
001618
001623
001626
001628
001629
001630
001631
001632
001633
001634
001635
001636
001637
001638
001641
001643
001644
001645
001648
001650
001651
001654
001656
001657
001659
001660
001662
001663
001664
001665
001667
001672
001675
001676
001677
001678
001679
001681
001682
001685
001686
001687
001688
001692
001694
001695
001696
001701
001702
001703
001704
001705
001706
001707
001708
001709
001710
001711
001712
001714
001715
001716
001717
001718
001719
001720
001721
001722
001723
001724
001725
001726
001727
001728
001730
001731
001732
001733
001734
001735
001736
001738
001739
001740
001741
001742
001743
001744
001745
001746
001747
001748
001749
001753
001755
001756
001758
001759
001760
001761
001762
001763
001764
001765
001766
001770
001775
001780
001781
001782
001789
001790
001791
001792
001795
001796
001797
001798
001799
001800
001801
001802
001803
001806
001807
001808
001809
001810
001811
001815
001816
001817
001818
001822
001823
001824
001825
001827
001829
001830
001832
001834
001835
001836
001837
001838
001839
001844
001849
001850
001852
001856
001857
001858
001861
001864
001865
001866
001869
001874
001875
001877
001878
001879
001880
001881
001882
001883
001884
001885
001886
001887
001888
001890
001891
001892
001897
001898
001899
001900
001901
001902
001903
001904
001905
001907
001908
001910
001914
001915
001917
001922
001924
001927
001928
001932
001933
001938
001939
001940
001942
001943
001947
001951
001955
001956
001959
001965
001966
001967
001970
001972
001974
001975
001978
001979
001980
001983
001985
001986
001990
001997
001998
002000
002001
002003
002004
002005
002006
002009
002010
002011
002015
002016
002017
002018
002019
002020
002021
002023
002024
002025
002026
002027
002028
002029
002030
002031
002035
002036
002043
002046
002049
002051
002052
002053
002054
002055
002056
002057
002058
002059
002060
002061
002062
002063
002064
002067
002068
002071
002072
002075
002076
002079
002080
002082
002083
002084
002085
002087
002088
002091
002095
002096
002103
002106
002111
002112
002116
002117
002118
002119
002120
002121
002123
002124
002125
002132
002133
002134
002135
002136
002137
002141
002142
002144
002145
002146
002147
002148
002149
002152
002155
002156
002157
002158
002159
002160
002161
002162
002163
002164
002165
002166
002167
002168
002170
002172
002174
002177
002178
002179
002180
002181
002182
002186
002189
002190
002191
002192
002194
002196
002197
002199
002207
002210
002211
002212
002213
002214
002216
002217
002220
002222
002224
002227
002228
002229
002231
002232
002233
002236
002244
002249
002251
002252
002256
002258
002259
002261
002262
002263
002264
002269
002270
002271
002272
002273
002281
002282
002288
002289
002291
002292
002293
002295
002296
002300
002303
002304
002305
002307
002310
002311
002313
002314
002315
002316
002317
002319
002322
002323
002326
002327
002328
002330
002331
002332
002333
002334
002335
002339
002340
002345
002350
002358
002360
002363
002364
002367
002376
002378
002383
002384
002385
002387
002388
002389
002390
002398
002399
002407
002408
002409
002410
002411
002413
002414
002415
002416
002417
002418
002419
002420
002424
002425
002430
002431
002434
002435
002436
002443
002446
002449
002450
002451
002453
002454
002455
002456
002457
002458
002461
002462
002463
002465
002472
002482
002485
002489
002494
002495
002496
002497
002498
002502
002503
002504
002505
002510
002512
002513
002514
002515
002518
002533
002535
002536
002537
002542
002543
002544
002545
002547
002553
002555
002556
002558
002559
002560
002561
002562
002563
002564
002567
002573
002574
002577
002580
002581
002582
002583
002584
002585
002588
002593
002594
002595
002597
002598
002599
002601
002602
002604
002605
002610
002611
002612
002614
002615
002616
002617
002618
002619
002620
002621
002622
002624
002628
002629
002630
002631
002634
002639
002640
002643
002649
002653
002654
002656
002657
002658
002660
002662
002663
002664
002665
002666
002667
002668
002669
002670
002671
002681
002682
002683
002685
002686
002690
002691
002692
002694
002697
002703
002707
002708
002714
002717
002718
002728
002729
002730
002731
002732
002745
002746
002767
002768
002770
002771
002772
002773
002774
002776
002777
002778
002779
002780
002783
002784
002789
002790
002792
002793
002801
002802
002803
002804
002808
002810
002813
002814
002819
002820
002823
002824
002833
002834
002837
002838
002839
002844
002845
002846
002849
002850
002851
002860
002861
002862
002863
002871
002872
002885
002900
002903
002906
002907
002908
002910
002919
002923
002934
002935
002938
002939
002943
002945
002952
002955
002959
002963
002967
002974
002977
002978
002979
002980
002982
002983
002984
002987
002989
003000
003001
003004
003015
003016
003017
003025
003026
003027
003028
003029
003030
003031
003032
003044
003045
003053
003054
003059
003062
003063
003064
003069
003070
003095
003096
003105
003106
003115
003116
003117
003118
003119
003120
003125
003126
003127
003131
003132
003142
003143
003144
003145
003147
003150
003151
003152
003153
003154
003161
003165
003166
003169
003170
003175
003182
003183
003184
003186
003187
003189
003190
003191
003194
003208
003224
003225
003230
003231
003232
003233
003234
003235
003238
003241
003242
003279
003282
003283
003284
003291
003292
003293
003295
003298
003299
003300
003304
003305
003308
003318
003319
003320
003331
003332
003333
003343
003344
003345
003346
003351
003352
003359
003366
003367
003368
003373
003374
003378
003379
003380
003396
003397
003411
003412
003413
003416
003432
003433
003434
003435
003446
003447
003456
003475
003476
003484
003485
003492
003493
003494
003495
003496
003501
003502
003503
003512
003513
003516
003548
003550
003554
003561
003562
003567
003578
003579
003580
003581
003582
003586
003587
003591
003592
003593
003594
003595
003598
003601
003602
003603
003604
003610
003611
003624
003625
003626
003634
003641
003642
003646
003647
003655
003658
003659
003663
003670
003684
003685
003692
003693
003697
003704
003713
003714
003715
003717
003734
003735
003739
003745
003749
003750
003751
003754
003755
003760
003761
003762
003763
003765
003766
003769
003780
003797
003798
003799
003800
003803
003804
003805
003806
003813
003822
003823
003828
003831
003834
003835
003839
003840
003842
003843
003845
003846
003848
003849
003850
003851
003853
003854
003855
003857
003858
003861
003862
003865
003876
003877
003878
003882
003883
003884
003885
003886
003887
003889
003890
003900
003912
003913
003938
003939
003940
003950
003951
003955
003956
003957
003958
003961
003962
003966
003967
003980
003981
003984
003985
003986
003993
004005
004006
004008
004009
004010
004011
004040
004041
004044
004046
004047
004048
004049
004050
004051
004069
004070
004075
004076
004081
004082
004083
004084
004091
004092
004098
004099
004100
004112
004119
004128
004129
004130
004131
004132
004135
004138
004139
004142
004143
004144
004145
004148
004149
004150
004153
004154
004157
004158
004166
004171
004172
004175
004176
004182
004183
004189
004190
004191
004192
004193
004194
004195
004202
004205
004206
004209
004211
004212
004218
004219
004221
004223
004224
004225
004226
004227
004228
004231
004232
004233
004234
004235
004236
004237
004241
004244
004249
004250
004252
004253
004258
004259
004260
004263
004265
004266
004270
004271
004274
004275
004276
004277
004278
004279
004280
004283
004284
004292
004301
004302
004314
004315
004316
004317
004320
004321
004332
004335
004340
004341
004342
004343
004344
004345
004346
004347
004348
004350
004351
004352
004353
004355
004357
004359
004360
004361
004362
004374
004375
004390
004391
004393
004394
004397
004403
004404
004405
004406
004407
004408
004409
004410
004413
004416
004423
004424
004432
004433
004434
004435
004436
004437
004442
004446
004447
004448
004450
004451
004452
004453
004454
004455
004456
004457
004466
004468
004475
004476
004477
004480
004481
004484
004485
004488
004495
004496
004497
004505
004510
004512
004513
004517
004521
004522
004532
004533
004534
004535
004536
004546
004549
004557
004558
004559
004560
004561
004569
004573
004576
004597
004598
004604
004605
004606
004607
004608
004609
004612
004613
004616
004617
004618
004634
004635
004636
004640
004641
004642
004643
004648
004652
004653
004666
004668
004669
004671
004674
004675
004676
004677
004680
004683
004685
004686
004687
004688
004693
004694
004695
004696
004698
004702
004703
004707
004710
004716
004719
004720
004721
004724
004725
004726
004727
004730
004731
004732
004734
004735
004737
004738
004739
004740
004741
004742
004743
004744
004745
004746
004747
004748
004750
004751
004752
004753
004756
004757
004760
004761
004763
004764
004769
004772
004773
004774
004775
004783
004784
004788
004789
004790
004791
004794
004795
004798
004801
004802
004805
004806
004809
004812
004813
004814
004815
004818
004819
004823
004824
004829
004833
004834
004836
004837
004840
004845
004846
004848
004851
004852
004853
004854
004855
004856
004857
004858
004868
004870
004871
004874
004875
004876
004881
004888
004889
004890
004891
004892
004895
004900
004901
004905
004913
004914
004916
004917
004918
004925
004926
004927
004928
004929
004930
004931
004932
004933
004934
004936
004937
004942
004943
004944
004945
004946
004947
004948
004951
004958
004959
004965
004966
004975
004976
004977
004982
004986
004987
004988
004989
004995
004996
004997
005000
005001
005004
005005
005006
005007
005009
005014
005015
005018
005021
005027
005028
005029
005035
005036
005037
005038
005039
005040
005041
005042
005043
005044
005049
005050
005051
005052
005053
005055
005059
005062
005063
005064
005067
005075
005076
005080
005081
005082
005083
005088
005089
005090
005091
005094
005095
005096
005102
005103
005104
005105
005106
005108
005109
005110
005111
005112
005113
005114
005117
005118
005119
005120
005123
005125
005126
005128
005136
005137
005140
005141
005142
005143
005146
005152
005156
005157
005161
005164
005165
005166
005167
005168
005169
005170
005175
005176
005177
005178
005179
005186
005187
005188
005189
005197
005198
005206
005207
005209
005210
005211
005215
005216
005217
005218
005219
005220
005221
005222
005223
005224
005225
005226
005228
005229
005231
005232
005233
005235
005236
005237
005238
005241
005242
005244
005245
005247
005248
005250
005251
005252
005255
005258
005259
005260
005261
005262
005263
005264
005265
005266
005267
005268
005269
005270
005274
005275
005276
005280
005281
005287
005288
005290
005291
005292
005293
005294
005295
005296
005297
005299
005300
005303
005304
005305
005306
005310
005311
005312
005313
005314
005317
005318
005323
005324
005325
005326
005328
005329
005330
005331
005335
005341
005342
005343
005344
005347
005351
005352
005353
005354
005357
005358
005359
005360
005368
005371
005372
005373
005374
005376
005379
005381
005382
005386
005387
005390
005391
005392
005395
005396
005397
005399
005400
005401
005402
005403
005404
005405
005406
005409
005412
005413
005416
005417
005418
005421
005429
005430
005433
005434
005437
005438
005443
005444
005445
005447
005449
005450
005453
005454
005457
005459
005460
005463
005464
005472
005473
005474
005475
005477
005478
005481
005482
005483
005486
005487
005489
005490
005491
005492
005493
005494
005495
005496
005498
005502
005504
005505
005506
005515
005516
005517
005518
005519
005520
005521
005522
005523
005524
005526
005530
005533
005535
005537
005538
005541
005542
005543
005544
005545
005549
005550
005551
005552
005553
005554
005555
005561
005562
005567
005568
005569
005570
005571
005572
005576
005583
005585
005587
005588
005589
005592
005593
005596
005597
005598
005599
005600
005603
005604
005607
005608
005609
005612
005616
005618
005619
005620
005621
005628
005629
005630
005632
005633
005634
005635
005636
005638
005639
005640
005642
005643
005644
005646
005650
005651
005652
005653
005658
005659
005660
005661
005662
005663
005664
005665
005668
005669
005671
005672
005674
005679
005680
005682
005683
005686
005689
005691
005693
005695
005696
005701
005702
005706
005707
005708
005711
005726
005727
005728
005729
005730
005732
005733
005735
005737
005738
005739
005741
005742
005743
005744
005746
005747
005748
005757
005758
005759
005760
005761
005762
005763
005764
005765
005769
005770
005774
005775
005776
005777
005787
005788
005789
005794
005795
005796
005797
005802
005803
005804
005805
005809
005810
005811
005812
005813
005814
005815
005819
005821
005823
005824
005825
005826
005827
005829
005830
005832
005833
005834
005840
005844
005847
005848
005850
005851
005855
005856
005865
005866
005867
005868
005869
005870
005873
005874
005875
005876
005877
005878
005880
005881
005883
005885
005888
005889
005894
005901
005902
005903
005904
005905
005906
005907
005910
005911
005914
005918
005919
005925
005926
005927
005928
005933
005934
005935
005937
005938
005939
005940
005943
005944
005947
005948
005949
005950
005953
005954
005955
005956
005957
005958
005959
005960
005961
005962
005963
005965
005966
005967
005968
005969
005970
005974
005975
005976
005977
005978
005979
005980
005983
005984
005985
005994
005997
005998
005999
006002
006003
006005
006006
006007
006008
006009
006010
006013
006014
006020
006021
006022
006025
006034
006038
006039
006042
006048
006049
006051
006052
006058
006063
006072
006080
006081
006084
006085
006087
006098
006100
006101
006103
006104
006106
006109
006110
006111
006113
006119
006121
006122
006123
006124
006128
006129
006130
006131
006132
006133
006136
006138
006143
006144
006154
006157
006158
006159
006160
006161
006165
006166
006167
006168
006179
006181
006182
006190
006193
006194
006195
006196
006197
006198
006199
006201
006202
006205
006209
006214
006215
006216
006217
006218
006220
006221
006223
006225
006226
006227
006228
006229
006230
006231
006232
006233
006234
006235
006240
006241
006243
006245
006246
006247
006248
006249
006250
006251
006252
006253
006255
006256
006257
006259
006260
006265
006266
006267
006268
006269
006270
006271
006274
006277
006278
006279
006280
006281
006286
006289
006290
006291
006292
006293
006294
006295
006296
006297
006298
006299
006302
006303
006305
006306
006307
006314
006315
006321
006322
006323
006324
006336
006339
006341
006342
006343
006344
006345
006346
006347
006348
006349
006350
006351
006352
006353
006354
006355
006362
006363
006364
006365
006366
006369
006371
006372
006377
006382
006385
006386
006392
006395
006396
006397
006398
006399
006401
006402
006408
006419
006420
006424
006425
006429
006430
006433
006435
006438
006439
006440
006441
006442
006449
006457
006458
006462
006463
006477
006478
006486
006487
006502
006503
006507
006511
006512
006522
006523
006524
006525
006526
006527
006528
006529
006530
006531
006532
006533
006534
006535
006536
006537
006538
006539
006540
006541
006547
006548
006551
006556
006557
006560
006561
006564
006567
006568
006569
006573
006574
006575
006578
006579
006580
006581
006586
006587
006590
006593
006594
006595
006600
006601
006602
006603
006604
006605
006608
006610
006611
006614
006615
006616
006620
006621
006622
006623
006624
006642
006644
006648
006649
006652
006656
006657
006658
006659
006671
006675
006676
006682
006687
006688
006689
006692
006693
006696
006697
006698
006699
006700
006701
006704
006705
006712
006713
006718
006719
006720
006721
006724
006729
006730
006733
006736
006743
006744
006748
006749
006751
006752
006753
006755
006756
006757
006759
006763
006768
006769
006775
006780
006781
006783
006784
006785
006786
006787
006796
006801
006802
006803
006809
006810
006813
006814
006815
006816
006817
006818
006819
006820
006821
006822
006823
006836
006843
006844
006845
006857
006858
006859
006860
006861
006862
006863
006864
006868
006872
006873
006876
006877
006878
006879
006880
006881
006882
006883
006886
006887
006888
006890
006891
006894
006895
006904
006905
006906
006909
006910
006911
006912
006918
006921
006923
006924
006926
006928
006930
006931
006937
006938
006939
006942
006943
006945
006952
006957
006967
006968
006969
006972
006973
006976
006977
006981
006982
006983
006991
006992
007005
007012
007013
007016
007028
007029
007039
007040
007041
007042
007043
007044
007045
007046
007047
007048
007049
007056
007059
007060
007063
007066
007067
007070
007071
007072
007074
007076
007077
007082
007083
007084
007085
007089
007090
007096
007101
007107
007108
007110
007111
007113
007114
007119
007120
007126
007127
007130
007132
007133
007134
007135
007136
007137
007138
007139
007141
007142
007143
007144
007146
007151
007152
007153
007154
007159
007160
007163
007164
007177
007178
007188
007191
007192
007193
007202
007203
007207
007216
007217
007221
007223
007230
007231
007232
007233
007234
007238
007239
007241
007242
007243
007244
007247
007249
007250
007251
007254
007255
007257
007258
007261
007266
007267
007271
007272
007273
007274
007275
007276
007277
007281
007287
007288
007291
007293
007294
007297
007298
007300
007301
007305
007306
007307
007308
007310
007318
007326
007339
007340
007341
007343
007345
007346
007349
007350
007353
007355
007356
007368
007369
007379
007380
007381
007382
007385
007386
007387
007388
007389
007393
007397
007401
007402
007404
007405
007407
007410
007411
007412
007413
007415
007416
007421
007422
007423
007424
007431
007439
007448
007449
007450
007460
007463
007464
007465
007466
007467
007468
007469
007470
007471
007472
007473
007474
007475
007481
007484
007490
007491
007493
007494
007497
007499
007501
007502
007505
007506
007509
007512
007514
007518
007519
007523
007524
007527
007528
007531
007533
007534
007538
007539
007541
007548
007549
007550
007553
007569
007570
007571
007574
007575
007577
007578
007579
007580
007581
007586
007590
007592
007593
007594
007605
007606
007613
007614
007615
007632
007638
007639
007643
007649
007650
007651
007652
007657
007658
007660
007661
007662
007663
007664
007665
007668
007669
007671
007672
007673
007674
007675
007678
007679
007685
007686
007687
007688
007689
007690
007694
007695
007705
007713
007718
007725
007726
007731
007732
007733
007734
007735
007737
007747
007748
007749
007750
007751
007760
007770
007771
007775
007776
007777
007779
007780
007781
007782
007783
007784
007785
007786
007787
007788
007789
007792
007793
007794
007795
007796
007797
007799
007800
007801
007802
007803
007804
007806
007807
007808
007809
007810
007811
007812
007815
007816
007817
007818
007825
007826
007827
007831
007832
007835
007839
007840
007842
007843
007848
007850
007851
007853
007854
007856
007857
007863
007872
007873
007874
007875
007876
007880
007881
007882
007883
007884
007885
007886
007887
007893
007894
007895
007896
007897
007898
007903
007904
007910
007911
007923
007924
007925
007932
007937
007938
007939
007943
007944
007945
007950
007952
007959
007960
007965
007966
007968
007983
007984
007992
007993
007994
007995
008001
008009
008020
008021
008025
008026
008033
008034
008037
008038
008041
008050
008051
008052
008053
008056
008057
008058
008059
008060
008061
008062
008063
008065
008066
008071
008072
008075
008076
008077
008078
008079
008082
008083
008084
008085
008086
008087
008088
008089
008091
008092
008093
008094
008099
008100
008101
008107
008110
008112
008113
008114
008115
008116
008119
008120
008121
008124
008127
008128
008129
008131
008132
008133
008134
008135
008136
008137
008138
008140
008142
008143
008144
008145
008150
008158
008159
008162
008163
008164
008166
008167
008168
008174
008175
008177
008178
008179
008180
008181
008182
008184
008185
008186
008187
008188
008189
008190
008199
008200
008201
008208
008209
008210
008212
008213
008221
008227
008228
008230
008234
008236
008237
008238
008239
008240
008241
008244
008245
008246
008249
008250
008251
008252
008258
008259
008260
008261
008262
008263
008264
008265
008269
008270
008271
008272
008273
008274
008275
008276
008277
008279
008280
008281
008282
008283
008286
008290
008291
008292
008293
008294
008295
008297
008298
008299
008303
008304
008305
008306
008307
008308
008311
008312
008313
008314
008315
008318
008319
008324
008325
008326
008327
008328
008336
008337
008342
008343
008347
008348
008353
008354
008356
008359
008370
008371
008372
008373
008374
008375
008376
008378
008381
008382
008384
008385
008387
008390
008391
008396
008397
008399
008400
008404
008405
008407
008408
008410
008412
008413
008415
008416
008417
008418
008419
008420
008421
008424
008425
008437
008438
008441
008442
008443
008444
008445
008456
008457
008461
008462
008467
008468
008477
008479
008480
008481
008488
008499
008500
008507
008513
008514
008515
008518
008519
008520
008526
008527
008528
008531
008532
008533
008534
008537
008538
008541
008542
008543
008544
008545
008546
008547
008551
008552
008553
008555
008563
008564
008585
008586
008590
008591
008592
008593
008602
008603
008604
008609
008617
008618
008619
008621
008622
008623
008625
008629
008630
008631
008633
008634
008635
008638
008639
008640
008641
008655
008656
008657
008664
008665
008666
008667
008671
008672
008673
008681
008682
008697
008701
008702
008704
008705
008709
008712
008713
008714
008716
008723
008734
008736
008737
008749
008750
008753
008754
008755
008757
008758
008768
008769
008770
008773
008776
008777
008778
008779
008786
008793
008794
008795
008809
008810
008811
008819
008827
008828
008830
008831
008832
008833
008834
008835
008836
008837
008838
008839
008840
008841
008842
008843
008846
008847
008848
008850
008851
008854
008855
008856
008860
008861
008866
008867
008869
008870
008871
008872
008878
008884
008885
008886
008887
008888
008889
008890
008891
008892
008893
008894
008895
008898
008899
008901
008903
008905
008906
008907
008908
008909
008910
008916
008917
008918
008919
008920
008926
008927
008928
008929
008930
008934
008935
008944
008945
008949
008950
008954
008955
008958
008960
008961
008962
008963
008966
008967
008969
008970
008973
008975
008976
008978
008979
008980
008981
008983
008984
008985
008986
008987
008988
008989
008990
008991
008992
008997
008998
009003
009004
009005
009006
009007
009008
009009
009010
009011
009012
009013
009014
009015
009016
009017
009020
009023
009024
009025
009026
009027
009028
009029
009030
009031
009032
009033
009034
009039
009040
009043
009046
009047
009048
009049
009051
009052
009054
009055
009056
009057
009058
009059
009060
009062
009063
009064
009065
009067
009068
009069
009070
009071
009072
009073
009074
009076
009077
009078
009079
009080
009085
009086
009092
009096
009097
009098
009100
009101
009102
009103
009106
009107
009111
009112
009113
009114
009115
009116
009117
009119
009120
009121
009124
009125
009126
009127
009128
009129
009130
009131
009132
009133
009134
009135
009136
009137
009138
009139
009140
009141
009142
009143
009144
009145
009146
009147
009149
009151
009152
009153
009154
009155
009156
009157
009159
009160
009161
009162
009163
009164
009165
009169
009170
009174
009179
009180
009181
009182
009183
009184
009185
009186
009187
009188
009189
009190
009194
009195
009198
009199
009200
009201
009202
009205
009206
009208
009209
009210
009211
009213
009214
009215
009216
009217
009218
009223
009224
009230
009231
009232
009233
009234
009239
009240
009241
009242
009243
009244
009245
009246
009247
009248
009249
009250
009258
009260
009261
009263
009264
009265
009266
009268
009269
009270
009273
009274
009275
009277
009285
009286
009296
009297
009300
009308
009312
009313
009314
009317
009318
009319
009326
009327
009328
009329
009330
009331
009332
009333
009334
009335
009336
009337
009340
009341
009342
009345
009346
009347
009348
009351
009352
009353
009354
009355
009360
009361
009362
009363
009364
009365
009368
009369
009370
009371
009374
009375
009376
009377
009378
009380
009381
009382
009383
009384
009385
009387
009388
009391
009392
009394
009395
009398
009400
009401
009402
009411
009412
009413
009414
009415
009416
009419
009420
009423
009424
009426
009427
009428
009429
009432
009433
009436
009437
009438
009439
009440
009441
009442
009447
009448
009449
009454
009455
009460
009468
009469
009470
009471
009472
009474
009475
009476
009477
009478
009479
009480
009481
009482
009486
009487
009488
009489
009490
009491
009492
009493
009494
009499
009500
009501
009504
009505
009507
009508
009511
009513
009514
009515
009516
009525
009526
009527
009531
009536
009537
009538
009539
009540
009542
009545
009546
009547
009548
009549
009550
009551
009556
009557
009558
009559
009564
009565
009568
009569
009570
009571
009572
009573
009574
009575
009576
009590
009591
009592
009595
009596
009597
009598
009601
009602
009606
009607
009608
009609
009611
009612
009613
009614
009618
009619
009620
009621
009622
009623
009624
009634
009635
009636
009640
009641
009644
009645
009646
009647
009648
009649
009650
009651
009652
009653
009654
009658
009659
009660
009661
009662
009663
009664
009665
009667
009668
009669
009671
009672
009681
009682
009683
009684
009686
009687
009688
009689
009690
009691
009692
009693
009694
009695
009696
009697
009698
009700
009701
009704
009705
009706
009707
009708
009709
009710
009714
009715
009716
009717
009718
009719
009720
009725
009733
009734
009736
009737
009740
009741
009747
009750
009751
009753
009754
009755
009762
009766
009767
009768
009769
009774
009775
009776
009777
009778
009779
009781
009782
009783
009787
009789
009791
009794
009795
009796
009797
009798
009800
009801
009804
009805
009806
009807
009808
009812
009813
009817
009818
009820
009821
009822
009823
009828
009829
009830
009835
009840
009841
009842
009843
009846
009847
009848
009849
009850
009852
009853
009854
009855
009856
009857
009858
009860
009861
009862
009863
009864
009865
009867
009868
009869
009870
009872
009873
009874
009875
009876
009877
009878
009879
009880
009881
009882
009883
009884
009885
009886
009887
009888
009891
009892
009893
009896
009897
009898
009899
009900
009901
009902
009903
009907
009908
009909
009910
009911
009912
009913
009914
009918
009919
009929
009930
009931
009932
009937
009938
009939
009940
009941
009950
009951
009952
009954
009955
009956
009957
009958
009959
009960
009967
009968
009969
009970
009971
009972
009973
009974
009983
009984
009986
009987
009988
009989
009990
009991
009992
009993
009994
009995
009998
009999
010000
010001
010002
010003
010004
010006
010007
010008
010009
010010
010013
010016
010017
010018
010019
010020
010021
010022
010023
010024
010025
010026
010028
010029
010030
010031
010032
010033
010034
010036
010037
010038
010043
010044
010045
010046
010047
010049
010050
010054
010055
010056
010057
010058
010059
010060
010061
010062
010063
010064
010065
010066
010067
010072
010073
010076
010077
010078
010079
010080
010088
010089
010090
010091
010093
010094
010100
010101
010104
010105
010106
010107
010109
010110
010111
010112
010113
010114
010116
010117
010122
010123
010124
010125
010126
010127
010128
010129
010130
010131
010132
010133
010134
010135
010136
010141
010142
010143
010147
010150
010151
010152
010153
010154
010155
010156
010157
010158
010159
010160
010167
010170
010171
010172
010180
010181
010182
010183
010185
010186
010187
010188
010189
010190
010193
010199
010200
010201
010202
010203
010205
010206
010210
010211
010212
010213
010214
010215
010216
010218
010220
010221
010224
010225
010228
010229
010234
010235
010236
010237
010238
010245
010246
010257
010264
010265
010266
010268
010269
010271
010272
010282
010283
010291
010292
010293
010296
010297
010298
010299
010300
010301
010302
010303
010304
010305
010306
010307
010308
010311
010312
010313
010315
010316
010317
010318
010319
010321
010323
010326
010327
010328
010329
010330
010335
010340
010345
010346
010349
010351
010352
010355
010356
010363
010364
010365
010366
010367
010368
010369
010370
010371
010372
010375
010376
010385
010386
010387
010388
010389
010390
010393
010394
010395
010396
010398
010399
010409
010419
010420
010423
010424
010427
010428
010429
010432
010433
010434
010439
010444
010445
010452
010453
010455
010456
010460
010461
010465
010466
010478
010481
010484
010487
010490
010491
010500
010505
010506
010508
010511
010531
010541
010542
010547
010548
010549
010550
010556
010557
010562
010563
010572
010573
010585
010586
010602
010636
010637
010650
010654
010655
010665
010666
010672
010675
010677
010682
010685
010686
010687
010696
010755
010841
010842
020001
020003
020005
020009
020010
020011
020015
020018
020021
020022
020023
020026
040001
040002
040004
040005
040007
040008
040011
040015
040016
040020
040025
040035
040180
040190
050001
050002
050004
050007
050008
050009
050010
050012
050013
050014
050018
050021
050022
050024
050026
050201
070001
070002
070003
070006
070010
070011
070013
070017
070018
070019
070021
070022
070023
070027
070030
070032
070039
070099
080001
080002
080005
080007
080008
080012
080015
090001
090003
090004
090006
090007
090009
090010
090011
090012
090013
090015
090016
090018
090019
090020
100016
100020
100022
100026
100029
100032
100038
100039
100053
100056
100060
110001
110002
110003
110005
110009
110010
110011
110012
110013
110015
110019
110020
110021
110022
110023
110025
110026
110029
110030
112002
121001
121002
121003
121005
121006
121008
121010
150103
150968
151001
160105
160106
160119
160127
160133
160135
160136
160137
160142
160143
160144
160211
160212
160215
160218
160219
160220
160221
160222
160223
160224
160225
160226
160311
160314
160322
160323
160324
160325
160415
160418
160419
160420
160421
160422
160424
160425
160505
160512
160516
160517
160518
160519
160520
160521
160522
160524
160526
160527
160528
160529
160603
160605
160607
160610
160611
160613
160615
160616
160620
160624
160625
160626
160627
160628
160629
160630
160631
160632
160633
160634
160635
160636
160637
160638
160639
160642
160643
160645
160706
160716
160722
160724
160725
160726
160805
160806
160807
160812
160813
160814
160910
160916
160918
160919
160921
160925
160926
161005
161017
161022
161024
161025
161026
161027
161028
161029
161030
161031
161032
161033
161035
161036
161037
161038
161039
161040
161118
161121
161122
161123
161131
161132
161211
161213
161217
161219
161222
161224
161225
161226
161227
161232
161233
161601
161604
161605
161606
161607
161609
161610
161611
161612
161613
161616
161628
161629
161631
161706
161715
161718
161720
161721
161722
161723
161724
161725
161726
161727
161728
161729
161810
161811
161812
161816
161818
161834
161837
161838
161903
161907
161910
161912
161913
161914
161915
162006
162102
162107
162201
162202
162203
162204
162205
162207
162208
162209
162211
162212
162213
162214
162216
162307
162412
162413
162414
162416
162509
162510
162605
162607
162703
162711
162714
162717
162720
162907
163001
163109
163110
163111
163113
163114
163115
163116
163118
163209
163302
163402
163406
163407
163409
163411
163412
163415
163417
163503
163801
163803
163804
163805
163807
163808
163809
163810
163818
163821
163822
163823
164205
164304
164401
164402
164403
164508
164809
164811
164818
164825
164905
164907
164908
165309
165310
165312
165313
165317
165508
165511
165512
165515
165516
165519
165520
165521
165522
165523
165524
165525
165526
165527
165528
165531
165806
165810
166001
166002
166005
166006
166007
166009
166011
166019
166020
166023
166024
166025
166027
166107
166108
166109
166110
166301
166402
166801
166802
167001
167002
167003
167301
167302
167503
167506
167507
167508
167601
167702
167703
167705
167706
168001
168002
168101
168102
168103
168104
168105
168106
168107
168108
168111
168203
168204
168205
168207
168301
168401
168501
168601
168701
168702
169101
169102
169103
169104
169105
169106
169107
169108
169201
180001
180003
180010
180012
180013
180018
180020
180028
180031
184801
200001
200002
200006
200007
200008
200010
200011
200012
200015
200016
202001
202002
202003
202005
202007
202009
202011
202015
202017
202019
202021
202023
202025
202027
202211
202212
202213
206001
206002
206007
206009
206012
206013
210001
210002
210003
210004
210005
210006
210007
210008
210009
210010
210011
213001
213002
213003
213006
213008
213010
217001
217002
217005
217009
217010
217012
217013
217016
217017
217019
217020
217021
217027
229002
233001
233006
233007
233008
233009
233010
233011
233015
240001
240002
240004
240005
240008
240009
240010
240011
240014
240016
240017
240019
240020
240022
253010
255010
257010
257020
257030
257040
257050
257060
257070
260101
260103
260104
260108
260109
260110
260111
260112
260115
260116
260117
270001
270002
270005
270006
270007
270008
270010
270021
270022
270025
270026
270028
270041
270050
288001
288002
290002
290004
290005
290006
290008
290010
290011
290012
290014
310308
310318
310328
310358
310368
310388
310398
320001
320003
320005
320006
320007
320010
320011
320012
320014
320015
320016
320018
320020
320022
340001
340006
340007
340008
350001
350002
350005
350007
350008
350009
360001
360005
360006
360007
360010
360011
360012
360016
370023
370024
370027
373010
373020
375010
376510
377010
377020
377150
377240
377530
378010
379010
393001
398001
398011
398021
398031
398041
398051
398061
399001
399011
400001
400003
400007
400011
400013
400015
400020
400023
400025
400032
410001
410003
410006
410007
410008
410009
410010
420001
420003
420005
420009
450001
450002
450003
450004
450007
450008
450009
450010
450011
460001
460002
460005
460007
460009
460220
460300
470006
470007
470008
470009
470021
470028
470068
470098
481001
481004
481006
481008
481009
481010
481012
481013
481015
481017
483003
487016
487021
501000
501001
501002
501005
501006
501007
501008
501009
501010
501011
501012
501015
501016
501017
501019
501022
501023
501025
501026
501027
501028
501029
501030
501031
501032
501036
501037
501038
501039
501040
501041
501042
501043
501045
501046
501047
501048
501049
501050
501051
501053
501054
501055
501057
501058
501059
501060
501061
501062
501063
501064
501065
501066
501067
501068
501069
501070
501071
501072
501073
501075
501076
501077
501078
501079
501080
501081
501082
501083
501085
501086
501087
501088
501089
501090
501091
501092
501093
501095
501096
501097
501098
501099
501186
501188
501189
501200
501201
501202
501301
501302
501303
501305
501306
501307
501308
501309
501310
501311
502000
502003
502006
502010
502013
502020
502023
502040
502048
502053
502056
506000
506001
506002
506003
506005
506006
510081
519001
519002
519003
519005
519007
519008
519011
519013
519015
519017
519018
519019
519020
519021
519022
519025
519026
519027
519029
519032
519033
519034
519035
519039
519050
519056
519062
519066
519068
519069
519087
519089
519091
519093
519095
519097
519099
519100
519110
519113
519115
519116
519117
519120
519125
519126
519127
519130
519133
519134
519139
519150
519156
519157
519158
519165
519170
519171
519172
519173
519175
519176
519177
519180
519181
519183
519185
519191
519193
519195
519196
519197
519198
519212
519221
519222
519223
519224
519228
519229
519300
519606
519610
519611
519612
519613
519614
519615
519616
519617
519618
519619
519620
519621
519623
519624
519625
519626
519627
519628
519629
519630
519640
519641
519642
519644
519646
519647
519651
519652
519653
519655
519656
519657
519664
519665
519668
519670
519671
519672
519673
519674
519677
519678
519679
519686
519688
519690
519692
519694
519697
519698
519700
519702
519704
519706
519710
519712
519714
519727
519732
519736
519738
519752
519755
519756
519759
519760
519761
519766
519767
519768
519769
519770
519771
519772
519773
519778
519779
519908
519909
519915
519918
519929
519935
519937
519949
519951
519956
519957
519959
519960
519961
519962
519963
519965
519969
519971
519975
519979
519983
519987
519991
519993
519995
519997
530001
530003
530005
530006
530010
530011
530012
530015
530016
530018
530019
540001
540002
540003
540004
540006
540007
540008
540009
540010
540012
550001
550002
550003
550008
550009
550015
550016
560002
560003
560006
570001
570005
570006
570007
570008
571002
580001
580002
580003
580005
580006
580007
580008
580009
582003
585001
590001
590002
590003
590005
590006
590007
590008
610001
610002
610004
610005
610006
610007
620001
620002
620004
620006
620007
630001
630002
630005
630006
630008
630010
630011
630015
630016
660001
660003
660004
660005
660006
660008
660010
660011
660012
660015
671010
671030
673010
673020
673030
673040
673043
673050
673060
673071
673073
673081
673083
673090
673100
673101
673110
673120
673141
673143
688888
690001
690003
690004
690005
690007
690008
690009
690011
700001
700002
700003
700004
710001
710002
720001
730001
730002
740001
740101
750001
750005
762001
770001
850005
850588
850599
860001
860006
860007
860010
860016
860018
860027
860028
860029
860036
860037
860038
860039
860052
860053
860055
860056
870009
870017
871003
872019
880007
881007
900003
900008
900009
900010
900011
900022
900029
900030
900052
900059
900078
900079
900089
900090
900099
900100
900152
910007
910022
920002
920003
920011
920012
920921
920922
920923
920926
952004
952009
952013
952035
952099
952313
959991
959993
970006
970007
970008
970009
970010
970016
970017