001000
001110
001111
001146
001147
001164
001165
001173
001174
001306
001307
001810
001811
001881
001882
001883
001884
001885
001886
001887
001888
001891
001938
001955
001980
001990
002009
002010
002013
002014
002621
002685
002686
002697
003095
003096
003148
003149
004231
004232
004233
004234
004235
004236
004237
004241
004442
004455
004616
004734
004735
004740
004812
004813
004814
004815
005241
005242
005275
005276
005278
005421
005620
005621
005763
005764
005765
005787
006228
006229
006529
006530
008375
008376
009210
009211
009515
009516
009621
009622
009753
009754
009776
009777
009872
009873
010188
010189
010213
010214
010215
010216
010316
010336
010337
010429
010678
010679
010682
010723
010724
166001
166002
166005
166006
166007
166009
166011
166019
166020
166023
501081